790011906331
591312965853
827692258571
337719162116
597196974181
217269995878
672498456932
730122291284
907068331491
677343669409
992076577985
834186797328
323293939437
497948345282
857751739721
928638702092
976341563539
649745470689
667537225580
752398374127
371732185784
768059113726
227785093935
985035019123
732456437251
587932545769
41001949127
864730186614
66611634559
990882630213
47538574519
266180018345
666229490476
881160892516
112100476824
964240274472
196161374112
110023667802
810635239492
51650156411
71414276649
455009266075
49157518704
670885100343
156229412689
904881944839
334072131
316249047109
580161007264
795579779192
743328426331
640979667037
229111724709
818477399198
360947167215
356590523204
240006629471
908016061447
96113136393
584952199125
752003573062
419527891259
881979601196
146940610094
633089357037
570455255663
298590755916
559574587930
240756897620
327059203932
709532414384
533222399053
821677244950
825434336763
379387620567
76670019496
425431147138
622363763295
595961871087
447903918950
759850994024
425624142941
506084692437
49151108414
375009975672
283900636725
557337657461
985672058898
85690693337
852171461605
386204502376
986803506475
327003931296
113440297711
132417969077
344087269262
896828322609
69214794094
64798165334
35106306860
