61454 188 338014082 471793 163367560 902948 237046122 1525806 74 2601984 258 2880613 24 2939579
1006965 181 319623721 460361 59818711 932727 41418469 1362872 339 2240834 313 2191321 61 3045325
509658 190 177861634 458864 552137946 941862 135333554 1287664 142 2245738 240 1894822 152 2698168
106548 169 583008094 475442 525351558 876144 123385448 1453067 16 2347795 240 2528330 466 2673214
532671 210 52636905 571805 53403597 1065791 10890899 1639165 29 2310243 837 2072802 125 2533529
29608 187 73734468 484948 14316456 1067178 61443340 1423491 306 2214960 526 1967268 140 2400185
2644808 185 352925898 453214 94462786 835280 34170474 1232185 176 2122402 826 2141083 24 2473665
135229 168 248324387 455444 350190781 857074 100912163 1283441 47 2143086 51 1927368 115 2453542
33689 167 51092965 444851 795197715 833595 63627643 1256078 201 2105239 437 1744401 217 2487372
334967 240 76482197 446294 872629081 831579 86753141 1240840 49 2095816 33 1785448 59 2432637
50200 170 97343732 455054 130346648 833370 1362102952 1264704 96 2113511 1480 1968691 398 2570974
117811 171 598077037 446952 1223259505 842595 272826239 1250462 299 2092710 385 1935653 347 2422507
769493 184 344202425 443052 334997953 1202684 59800531 1807891 207 2164371 891 1893292 141 2532401
541818 169 121080298 448326 8440404 956918 144060842 1389414 84 2139010 444 2274668 16 2976786
69985 206 13223081 657404 443897233 1002185 11290531 1303451 147 2093748 675 1787475 15 2499135
578548 171 657679080 472506 272917938 1012769 331671162 1236987 226 2102767 706 2145730 214 2481836
6954 168 34221264 451158 51389028 855937 135518592 1242933 66 2096811 1772 1944393 88 2443000
18459 181 189126013 449623 397185043 827562 1044846871 1235843 13 2118009 491 2200922 21 2506222
503341 169 928957089 445744 71070589 823921 683297733 1231484 1 2116909 793 1955602 19 2447579
69834 209 575490426 454151 100181766 824016 6784240 1240368 594 2113737 18 2618281 600 2494610
199311 239 122062081 453832 373276841 829857 224910031 1223790 653 2104212 3827 1873518 59 2551886
165319 180 50063833 498313 433164031 883616 13423583 1284712 43 2304999 3037 2122375 263 2343322
82182 181 23420064 453123 1112180886 829043 215283414 1243540 148 2104688 152 2146974 612 2361821
567642 181 505275794 447632 14092180 879016 172149890 1233618 48 2109606 1368 2113034 660 2353906
367854 169 124196630 444799 992019472 832765 877957418 1226417 34 2107760 2 1874150 38 2781997
227882 167 25628000 487899 299973238 1036429 337749680 1450660 196 2470220 1644 2074851 32 2674462
119777 179 912073113 461316 123809235 848759 577866295 1325753 301 2428862 331 2248921 41 2545069
174209 163 97221733 447170 23478935 835609 220495977 1237103 155 2168342 65 2631834 151 3091965
262299 179 631787737 467196 278710827 984027 1548106815 1438730 189 2121647 359 2540334 349 2696180
106053 181 428414421 473977 1428333707 849126 34233933 1358583 61 2369590 1587 2372877 153 2641810
590251 166 39481361 479414 151912319 846190 112907713 1301555 91 2189012 217 2167569 247 2499830
798478 168 150717486 446353 334240070 837126 10078354 1241554 70 2115120 602 2165427 110 2605765
561564 179 571713596 470149 206039442 877779 180224246 1230043 8 2106712 196 1945594 10 2631854
13337 170 705039899 460707 255926063 825060 254435187 1235423 123 2113199 225 1929329 313 2371211
159826 165 4488122 450053 91326618 828694 202761880 1236164 308 2101626 2284 1930496 1184 2734174
237427 263 397646417 557325 243074521 935836 57690445 1251726 59 2119582 1149 1844034 381 2505611
35152 194 597177096 451565 642955008 853949 847648848 1227155 4 2130626 50 2400861 94 2589460
29525 171 291015123 459961 206271999 944322 82923475 1246055 385 2101015 457 2271187 19 2472381
141661 170 47909357 445528 1705435 855906 600364489 1412570 1 2173256 281 2117658 77 2507280
27368 163 42662752 444471 336444948 852611 615922436 1335718 472 2247140 692 2185288 202 3005371
155256 171 332649106 510354 168968978 939935 814270920 1342117 80 2151916 688 2386029 504 2427714
291140 197 224146380 447004 543479406 818541 198938268 1217575 282 2094053 4146 1849358 100 2804811
9765 161 234888373 448986 1147487581 993202 143748857 1285054 301 2178202 445 2006666 247 2766319
29372 167 63016490 578589 28885670 1139062 987358 1632715 162 2636364 218 2645056 108 3036213
32525 262 4263601 504769 851327635 896220 77124835 1868542 7 2556409 869 2623777 1 3050501
134357 178 75033781 524948 90498257 1059052 94202207 1427042 29 2463847 1469 1955993 543 2587042
19198 181 524570136 601596 45945888 920841 100602072 1302004 66 2155985 800 1952822 192 2433933
110652 182 490281456 443901 229715652 839305 24924420 1251986 34 2122449 408 1891500 230 4013908
114003 180 173420029 544142 103229661 1548200 75402571 1979471 231 2359509 1581 2482911 329 5640453
162121 166 882685553 800588 407914467 2164697 358184089 2217965 131 3508289 69 2907759 759 4824118
468078 179 39745298 539255 170813424 1268622 471966532 1765122 320 2973082 560 2640202 382 3933000
109725 176 269388315 573884 105757071 1243850 253114007 1636510 103 2641202 671 2786207 17 3470909
193433 297 267509325 652917 401740701 1145124 395795511 1648984 15 3141464 141 2938833 171 3392830
276207 265 1722516155 754737 306614231 1097648 611820003 1871716 195 2526469 295 2726271 507 3333591
129328 169 492887776 550437 87103964 1163379 391612268 1799810 250 2677373 4 2755268 10 3042767
122237 199 41646609 594659 94571969 1278522 361072629 1601653 23 2675851 233 2528162 511 2892512
225261 180 95690681 526313 1022574895 1206311 12151573 1628731 21 2470057 3 2647360 425 3379732
122367 168 421733885 568641 518831733 1101791 119738557 1577863 341 2846251 905 2410938 43 3393087
199807 182 171309629 524414 26538655 1105377 131987575 1841923 355 2800974 1 2724775 335 3223461
381463 179 310963005 603516 38590681 1306048 11794589 1700911 15 2711805 1445 2871863 135 6085994
83144 319 95850962 1191564 795949234 1813211 103906012 2314473 32 3620843 2622 3454828 578 4819511
1291524 187 26361898 721891 56232038 1439929 200055866 2614459 54 3429188 26 3679067 106 5062879
103241 186 310849369 737338 21608323 1708822 201462323 1990661 471 2122728 125 2048606 53 2593392
60185 169 665801835 448197 145702607 939355 8664687 1751927 111 3741877 405 3270700 53 3398299
279758 239 367682510 554789 147751166 1490207 222479432 1589083 400 2312645 28 2771925 44 3319662
104249 181 305884581 556596 367575743 1293645 124487295 2266634 249 3617053 225 3786656 53 4515904
63704 315 259678570 768423 14348224 2191587 391721784 1554683 12 2417088 984 2692991 26 3310979
17758 351 3429346 1138737 266320494 1109420 147704062 2039667 140 3321606 266 3126742 34 3395245
196168 207 160670926 658555 50421886 1338956 804962170 2082281 26 2724734 478 3075533 92 3316796
50944 317 4723656 646040 138885994 1232708 200196088 1868316 182 3183700 1098 3632835 64 6500116
1026336 732 38836562 983967 616673828 1781102 791796754 1831996 4 3856343 426 2372726 14 2939812
130433 183 1089332211 521323 39702715 914881 94252257 1449024 187 2416033 117 5181843 119 8443923
37384 4625 291955074 1031542 446081478 1899401 237365882 4628799 168 6183160 242 3702665 186 6629771
726981 747 61975685 723315 696952227 883198 40197835 1775646 195 2540417 559 2361175 11 2401057
41801 179 43450451 452252 182207361 1006722 544400149 1446814 445 2269164 2669 1869935 261 2427112
261126 259 96841350 439596 383720440 814420 279798138 1224045 114 2068009 948 2017135 154 2593113
18129 166 884883967 554883 183996371 879952 140712333 1254295 355 2244355 403 2511956 595 2697191
341246 192 25194936 487444 80245454 848303 95338060 1589894 10 2368405 528 1992598 98 2516091
259411 178 322615793 482266 1137326173 925907 325637079 1235577 943 2099159 467 2154304 327 2823575
87561 164 98755737 518894 660876017 881396 130777699 1288283 149 2356110 771 2489729 97 2918738
253127 169 191301661 467946 27362061 877065 177437479 1281762 171 2833432 195 3012800 55 2945429
1155826 265 639849848 659944 444387318 907161 420971000 1290760 126 2275639 764 2203122 26 3396920
12398 267 200119370 591460 68677912 1205029 82027766 1966524 108 2667802 870 2134452 114 2600995
97086 244 617060436 434796 104641428 827465 190181474 1254895 602 2069894 1736 1831680 86 2541920
304148 207 454276028 453455 695449256 965184 207869242 1439260 106 2163868 512 1930524 156 2616352
22879 162 74473303 459271 328602071 953354 48701709 1361928 499 2182760 215 2312873 381 2460214
317591 176 24584523 438809 184127301 826759 387408851 1276608 409 2212310 1631 2241311 99 3411770
301315 176 1262569 451452 174991959 956036 159547175 1670596 101 2338986 317 2746876 235 5301353
616877 257 614923 735875 7649363 1716352 239373875 1934478 335 2385913 937 2058851 3 2784655
577660 511 203749826 575402 161099580 1002508 335204674 1480722 176 2415768 114 2157144 6 2828228
52878 179 456505936 495495 204855850 973060 165236862 1406855 192 2332843 348 2217867 26 2855090
98297 176 316865513 533016 620275573 987272 279483437 1501398 37 2351811 2635 2239802 17 2860512
16745 205 40952685 492538 536849229 944796 541957271 1454644 323 2509460 41 2887301 141 2822674
1444193 162 277733967 505007 143839947 996838 675922931 1504248 237 2396607 353 2548187 349 2766415
48842 228 553022508 508731 372773142 954882 259652056 1407140 120 2289644 388 2037151 138 2856389
9055 258 67783781 499938 962864599 974859 5088373 1518869 323 2287147 167 2527449 169 2777995
52425 269 153903421 683033 778061101 1238689 4015981 1608163 159 3961965 85 2944560 283 2518269
107488 179 374556994 444021 330490456 832085 191507554 1232763 128 2057608 86 2285900 424 3082266
